t	U_Lyt	U_R0	T	I_PTC	I_NTC
13:47:08	6,34	1,42	84,0	0,01525	0,01635
13:47:38	6,34	1,42	82,7	0,01529	0,01613
13:48:08	6,34	1,41	81,7	0,01533	0,01571
13:48:38	6,37	1,40	80,8	0,01538	0,01530
13:49:08	6,33	1,38	79,9	0,01542	0,01486
13:49:38	6,33	1,37	78,9	0,01547	0,01447
13:50:08	6,36	1,37	78,0	0,01551	0,01411
13:50:38	6,35	1,35	77,2	0,01554	0,01372
13:51:08	6,39	1,35	76,4	0,01558	0,01335
13:51:38	6,40	1,34	75,6	0,01561	0,01303
13:52:08	6,42	1,34	74,8	0,01565	0,01275
13:52:38	6,41	1,33	74,1	0,01568	0,01245
13:53:08	6,43	1,32	73,4	0,01571	0,01219
13:53:38	6,48	1,32	72,7	0,01575	0,01194
13:54:08	6,48	1,31	72,0	0,01578	0,01167
13:54:38	6,51	1,31	71,4	0,01581	0,01144
13:55:08	6,50	1,30	70,8	0,01584	0,01120
13:55:38	6,51	1,29	70,2	0,01587	0,01099
13:56:08	6,53	1,28	69,5	0,01590	0,01077
13:56:38	6,53	1,27	69,0	0,01592	0,01058
13:57:08	6,53	1,27	68,5	0,01595	0,01039
13:57:38	6,56	1,26	67,8	0,01598	0,01020
13:58:08	6,56	1,26	67,3	0,01600	0,01004
13:58:38	6,57	1,25	66,9	0,01603	0,00990
13:59:08	6,58	1,25	66,3	0,01605	0,00975
13:59:38	6,57	1,24	65,8	0,01608	0,00959
14:00:08	6,58	1,23	65,3	0,01610	0,00942
14:00:38	6,59	1,22	64,8	0,01612	0,00926
14:01:08	6,59	1,22	64,2	0,01615	0,00910
14:01:38	6,59	1,21	63,8	0,01617	0,00896
14:02:08	6,61	1,21	63,3	0,01619	0,00882
14:02:38	6,61	1,20	62,9	0,01622	0,00869
14:03:08	6,61	1,20	62,4	0,01623	0,00859
14:03:38	6,63	1,19	62,0	0,01626	0,00847
14:04:08	6,61	1,18	61,6	0,01628	0,00836
14:04:38	6,64	1,18	61,2	0,01630	0,00824
14:05:08	6,64	1,18	60,8	0,01632	0,00813
14:05:38	6,64	1,17	60,4	0,01633	0,00801
14:06:08	6,65	1,17	60,0	0,01635	0,00793
14:06:38	6,65	1,16	59,6	0,01637	0,00784
14:07:08	6,66	1,16	59,2	0,01639	0,00774
14:07:38	6,66	1,15	58,9	0,01641	0,00767
14:08:08	6,65	1,15	58,6	0,01643	0,00759
14:08:38	6,65	1,14	58,2	0,01645	0,00751
14:09:08	6,65	1,14	57,9	0,01647	0,00743
14:09:38	6,64	1,13	57,5	0,01648	0,00734
14:10:08	6,66	1,13	57,2	0,01650	0,00727
14:10:38	6,66	1,12	57,0	0,01651	0,00719
14:11:08	6,67	1,12	56,6	0,01653	0,00711
14:11:38	6,68	1,12	56,3	0,01655	0,00704
14:12:08	6,68	1,11	56,0	0,01656	0,00698
14:12:38	6,68	1,11	55,7	0,01658	0,00690
14:13:08	6,71	1,11	55,4	0,01659	0,00682
14:13:38	6,70	1,10	55,0	0,01660	0,00676
14:14:08	6,71	1,10	54,8	0,01662	0,00670
14:14:38	6,70	1,09	54,5	0,01663	0,00664
14:15:08	6,69	1,09	54,2	0,01665	0,00657
14:15:38	6,69	1,08	54,0	0,01666	0,00651
14:16:08	6,69	1,08	53,6	0,01668	0,00645
14:16:38	6,72	1,08	53,4	0,01669	0,00638
14:17:08	6,71	1,07	53,1	0,01671	0,00633
14:17:38	6,71	1,07	52,9	0,01672	0,00628
14:18:08	6,72	1,07	52,6	0,01673	0,00623
14:18:38	6,73	1,07	52,4	0,01674	0,00618
14:19:08	6,71	1,06	52,1	0,01676	0,00613
14:19:38	6,74	1,06	51,9	0,01677	0,00608
14:20:08	6,74	1,06	51,6	0,01678	0,00603
14:20:38	6,74	1,06	51,4	0,01679	0,00598
14:21:08	6,74	1,05	51,1	0,01681	0,00593
14:21:38	6,74	1,05	50,9	0,01682	0,00587
14:22:08	6,75	1,05	50,7	0,01683	0,00582
14:22:38	6,75	1,04	50,4	0,01684	0,00577
14:23:08	6,76	1,04	50,2	0,01686	0,00572
14:23:38	6,79	1,04	49,9	0,01687	0,00568
14:24:08	6,80	1,04	49,7	0,01688	0,00563
14:24:38	6,78	1,03	49,5	0,01689	0,00558
14:25:08	6,79	1,03	49,3	0,01690	0,00555
14:25:38	6,80	1,03	49,1	0,01691	0,00552
14:26:08	6,80	1,03	48,9	0,01692	0,00547
14:26:38	6,80	1,02	48,6	0,01694	0,00543
14:27:08	6,81	1,02	48,4	0,01695	0,00538
14:27:38	6,81	1,02	48,2	0,01696	0,00534
14:28:08	6,83	1,02	48,1	0,01697	0,00531
14:28:38	6,82	1,02	47,9	0,01698	0,00528
14:29:08	6,80	1,01	47,7	0,01700	0,00525
14:29:38	6,81	1,01	47,5	0,01701	0,00522
14:30:08	6,81	1,01	47,2	0,01701	0,00518
14:30:38	6,82	1,00	47,1	0,01703	0,00515
14:31:08	6,82	1,00	46,9	0,01704	0,00512
14:31:38	6,82	1,00	46,7	0,01705	0,00509
14:32:08	6,83	1,00	46,5	0,01706	0,00506
14:32:38	6,82	0,99	46,3	0,01707	0,00502
14:33:08	6,82	0,99	46,2	0,01707	0,00499
14:33:38	6,82	0,99	46,0	0,01708	0,00495
14:34:08	6,82	0,98	45,8	0,01710	0,00492
14:34:38	6,82	0,98	45,6	0,01710	0,00489
14:35:08	6,84	0,98	45,5	0,01711	0,00486
14:35:38	6,84	0,98	45,2	0,01712	0,00483
14:36:08	6,84	0,98	45,0	0,01713	0,00479
14:36:38	6,85	0,97	44,9	0,01714	0,00477
14:37:08	6,85	0,97	44,7	0,01715	0,00474
14:37:38	6,85	0,97	44,6	0,01716	0,00472
14:38:08	6,86	0,97	44,4	0,01717	0,00469
14:38:38	6,87	0,97	44,3	0,01718	0,00466
14:39:08	6,86	0,97	44,1	0,01718	0,00463
14:39:38	6,85	0,96	44,0	0,01719	0,00461
14:40:08	6,86	0,96	43,8	0,01720	0,00459
14:40:38	6,85	0,96	43,7	0,01721	0,00456
14:41:08	6,86	0,96	43,5	0,01722	0,00454
14:41:38	6,86	0,95	43,4	0,01723	0,00452
14:42:08	6,84	0,95	43,1	0,01724	0,00450
14:42:38	6,86	0,95	43,0	0,01725	0,00447
14:43:08	6,87	0,95	42,9	0,01725	0,00445
14:43:38	6,85	0,94	42,7	0,01726	0,00443
14:44:08	6,88	0,95	42,6	0,01727	0,00440
14:44:38	6,86	0,94	42,5	0,01728	0,00438
14:45:08	6,87	0,94	42,3	0,01729	0,00436
14:45:38	6,85	0,93	42,2	0,01730	0,00434
14:46:08	6,87	0,94	42,1	0,01730	0,00431
14:46:38	6,85	0,93	41,9	0,01731	0,00429
14:47:08	6,88	0,93	41,8	0,01732	0,00427
14:47:38	6,86	0,93	41,7	0,01732	0,00425
14:48:08	6,89	0,93	41,5	0,01733	0,00423
14:48:38	6,88	0,93	41,3	0,01734	0,00421
14:49:08	6,85	0,92	41,2	0,01734	0,00419
14:49:38	6,84	0,92	41,1	0,01735	0,00417
14:50:08	6,86	0,92	41,0	0,01736	0,00415
14:50:38	6,85	0,92	40,8	0,01737	0,00413
14:51:08	6,86	0,92	40,7	0,01737	0,00412
14:51:38	6,85	0,91	40,6	0,01738	0,00410
14:52:08	6,84	0,91	40,5	0,01739	0,00407
14:52:38	6,87	0,91	40,4	0,01739	0,00406
14:53:08	6,91	0,91	40,3	0,01740	0,00405
14:53:38	6,89	0,91	40,1	0,01741	0,00402
14:54:08	6,90	0,91	40,0	0,01741	0,00401
14:54:38	6,90	0,91	39,8	0,01742	0,00399
14:55:08	6,89	0,90	39,7	0,01743	0,00397
14:55:38	6,93	0,91	39,6	0,01743	0,00395
14:56:08	6,94	0,91	39,5	0,01744	0,00394
14:56:38	6,94	0,90	39,4	0,01745	0,00392
14:57:08	6,94	0,90	39,3	0,01745	0,00390
14:57:38	6,94	0,90	39,2	0,01746	0,00388
14:58:08	6,94	0,90	39,0	0,01747	0,00386
14:58:38	6,94	0,90	38,9	0,01747	0,00384
14:59:08	6,94	0,90	38,8	0,01748	0,00382
14:59:38	6,93	0,89	38,6	0,01749	0,00381
15:00:08	6,98	0,90	38,5	0,01750	0,00380
15:00:38	6,99	0,90	38,4	0,01750	0,00379
15:01:08	6,98	0,90	38,3	0,01751	0,00377
15:01:38	6,99	0,90	38,3	0,01752	0,00375
15:02:08	7,00	0,90	38,1	0,01752	0,00374
15:02:38	7,01	0,89	38,0	0,01753	0,00373
15:03:08	6,99	0,89	37,9	0,01753	0,00372
15:03:38	6,96	0,89	37,9	0,01754	0,00370
15:04:08	6,95	0,88	37,8	0,01754	0,00368
15:04:38	6,96	0,88	37,6	0,01755	0,00367
15:05:08	6,97	0,88	37,5	0,01755	0,00366
15:05:38	6,97	0,88	37,4	0,01756	0,00364
15:06:08	6,97	0,88	37,3	0,01757	0,00363
15:06:38	6,96	0,88	37,2	0,01758	0,00362
15:07:08	6,97	0,88	37,1	0,01758	0,00360
15:07:38	6,97	0,88	37,1	0,01759	0,00359
15:08:08	6,97	0,87	36,9	0,01759	0,00358
15:08:38	6,97	0,87	36,8	0,01760	0,00357
15:09:08	6,97	0,87	36,7	0,01760	0,00356
15:09:38	6,97	0,87	36,6	0,01761	0,00354
15:10:08	6,97	0,87	36,5	0,01761	0,00352
15:10:38	6,96	0,87	36,5	0,01762	0,00352
15:11:08	6,99	0,87	36,3	0,01762	0,00350
15:11:38	6,97	0,86	36,3	0,01762	0,00350
15:12:08	6,97	0,86	36,2	0,01763	0,00349
15:12:38	6,97	0,86	36,1	0,01764	0,00347
15:13:08	6,96	0,86	36,1	0,01764	0,00346
15:13:38	6,96	0,86	35,9	0,01764	0,00346
15:14:08	6,96	0,86	35,9	0,01765	0,00344
15:14:38	6,95	0,85	35,7	0,01766	0,00344
15:15:08	6,96	0,85	35,6	0,01766	0,00342
15:15:38	6,97	0,85	35,6	0,01766	0,00341
15:16:08	6,96	0,85	35,5	0,01767	0,00340
15:16:38	6,96	0,85	35,5	0,01767	0,00339
15:17:08	6,97	0,85	35,4	0,01768	0,00338
15:17:38	6,95	0,85	35,3	0,01771	0,00338
15:18:08	6,97	0,85	35,2	0,01772	0,00336
15:18:38	6,95	0,84	35,0	0,01773	0,00335
15:19:08	6,98	0,85	35,0	0,01773	0,00335
15:19:38	6,98	0,84	34,9	0,01773	0,00334
15:20:08	6,97	0,84	34,8	0,01774	0,00333
15:20:38	6,97	0,84	34,8	0,01774	0,00332
15:21:08	7,00	0,84	34,7	0,01775	0,00331
15:21:38	6,98	0,84	34,6	0,01775	0,00330
15:22:08	6,99	0,84	34,5	0,01775	0,00329
15:22:38	7,01	0,84	34,5	0,01776	0,00328
