"t"	"T"
"s"	"°C"
0	83.3810032966582835
0.5	83.3810032966582835
1	83.3810032966582835
1.5	83.318162597463785
2	83.318162597463785
2.5	83.318162597463785
3	83.318162597463785
3.5	83.318162597463785
4	83.318162597463785
4.5	83.2553523527888366
5	83.318162597463785
5.5	83.2553523527888366
6	83.318162597463785
6.5	83.318162597463785
7	83.318162597463785
7.5	83.318162597463785
8	83.318162597463785
8.5	83.318162597463785
9	83.318162597463785
9.5	83.318162597463785
10	83.318162597463785
10.5	83.318162597463785
11	83.2553523527888366
11.5	83.2553523527888366
12	83.2553523527888366
12.5	83.2553523527888366
13	83.2553523527888366
13.5	83.2553523527888366
14	83.2553523527888366
14.5	83.2553523527888366
15	83.2553523527888366
15.5	83.2553523527888366
16	83.2553523527888366
16.5	83.2553523527888366
17	83.2553523527888366
17.5	83.2553523527888366
18	83.2553523527888366
18.5	83.2553523527888366
19	83.1925695954349572
19.5	83.2553523527888366
20	83.1925695954349572
20.5	83.1925695954349572
21	83.1925695954349572
21.5	83.1925695954349572
22	83.1925695954349572
22.5	83.1925695954349572
23	83.1925695954349572
23.5	83.1925695954349572
24	83.1925695954349572
24.5	83.1925695954349572
25	83.1925695954349572
25.5	83.1298123762305503
26	83.1298123762305503
26.5	83.1298123762305503
27	83.1298123762305503
27.5	83.1298123762305503
28	83.1298123762305503
28.5	83.1298123762305503
29	83.1298123762305503
29.5	83.1298123762305503
30	83.0670807286101176
30.5	83.0670807286101176
31	83.0670807286101176
31.5	83.0670807286101176
32	83.0670807286101176
32.5	83.0670807286101176
33	83.0043749145589111
33.5	83.0043749145589111
34	83.0670807286101176
34.5	83.0043749145589111
35	83.0043749145589111
35.5	83.0043749145589111
36	83.0043749145589111
36.5	83.0043749145589111
37	83.0043749145589111
37.5	83.0043749145589111
38	83.0043749145589111
38.5	82.9416951960621827
39	82.9416951960621827
39.5	82.9416951960621827
40	82.9416951960621827
40.5	82.9416951960621827
41	82.9416951960621827
41.5	82.8790418351051845
42	82.8790418351051845
42.5	82.8790418351051845
43	82.8790418351051845
43.5	82.8790418351051845
44	82.8790418351051845
44.5	82.8164150936731685
45	82.8790418351051845
45.5	82.8164150936731685
46	82.8164150936731685
46.5	82.8164150936731685
47	82.8164150936731685
47.5	82.8164150936731685
48	82.8164150936731685
48.5	82.8164150936731685
49	82.8164150936731685
49.5	82.8164150936731685
50	82.7538152337513866
50.5	82.7538152337513866
51	82.7538152337513866
51.5	82.7538152337513866
52	82.7538152337513866
52.5	82.6912425173250908
53	82.7538152337513866
53.5	82.7538152337513866
54	82.6912425173250908
54.5	82.6912425173250908
55	82.6912425173250908
55.5	82.6912425173250908
56	82.6912425173250908
56.5	82.6912425173250908
57	82.6912425173250908
57.5	82.6286972063795332
58	82.6286972063795332
58.5	82.6286972063795332
59	82.6286972063795332
59.5	82.6286972063795332
60	82.6286972063795332
60.5	82.6286972063795332
61	82.6286972063795332
61.5	82.6286972063795332
62	82.5661795628999657
62.5	82.6286972063795332
63	82.5661795628999657
63.5	82.5661795628999657
64	82.5661795628999657
64.5	82.5661795628999657
65	82.5661795628999657
65.5	82.5115006705275361
66	82.5115006705275361
66.5	82.5115006705275361
67	82.5115006705275361
67.5	82.5115006705275361
68	82.5115006705275361
68.5	82.5115006705275361
69	82.5115006705275361
69.5	82.5115006705275361
70	82.5115006705275361
70.5	82.5115006705275361
71	82.5115006705275361
71.5	82.4490356091609515
72	82.4490356091609515
72.5	82.4490356091609515
73	82.4490356091609515
73.5	82.4490356091609515
74	82.4490356091609515
74.5	82.4490356091609515
75	82.4490356091609515
75.5	82.3865989684631606
76	82.3865989684631606
76.5	82.3865989684631606
77	82.3865989684631606
77.5	82.3865989684631606
78	82.3865989684631606
78.5	82.3865989684631606
79	82.3865989684631606
79.5	82.3865989684631606
80	82.3865989684631606
80.5	82.3865989684631606
81	82.3865989684631606
81.5	82.3865989684631606
82	82.3241910104194154
82.5	82.3241910104194154
83	82.3241910104194154
83.5	82.3241910104194154
84	82.3241910104194154
84.5	82.2618119970149679
85	82.2618119970149679
85.5	82.2618119970149679
86	82.2618119970149679
86.5	82.2618119970149679
87	82.2618119970149679
87.5	82.2618119970149679
88	82.2618119970149679
88.5	82.2618119970149679
89	82.1994621902350701
89.5	82.1994621902350701
90	82.1994621902350701
90.5	82.1994621902350701
91	82.1994621902350701
91.5	82.1994621902350701
92	82.1994621902350701
92.5	82.1994621902350701
93	82.1994621902350701
93.5	82.1994621902350701
94	82.1994621902350701
94.5	82.1994621902350701
95	82.1994621902350701
95.5	82.1371418520649738
96	82.1994621902350701
96.5	82.1994621902350701
97	82.1371418520649738
97.5	82.1371418520649738
98	82.1371418520649738
98.5	82.1371418520649738
99	82.1371418520649738
99.5	82.1371418520649738
100	82.1371418520649738
100.5	82.1371418520649738
101	82.1371418520649738
101.5	82.1371418520649738
102	82.1371418520649738
102.5	82.0748512444899313
103	82.0748512444899313
103.5	82.0748512444899313
104	82.0748512444899313
104.5	82.0748512444899313
105	82.0748512444899313
105.5	82.0748512444899313
106	82.0748512444899313
106.5	82.0748512444899313
107	82.0125906294951944
107.5	82.0748512444899313
108	82.0748512444899313
108.5	82.0125906294951944
109	82.0125906294951944
109.5	82.0125906294951944
110	82.0125906294951944
110.5	82.0125906294951944
111	82.0125906294951944
111.5	82.0125906294951944
112	82.0125906294951944
112.5	82.0125906294951944
113	82.0125906294951944
113.5	81.9503602690660151
114	81.9503602690660151
114.5	81.9503602690660151
115	81.9503602690660151
115.5	81.9503602690660151
116	81.9503602690660151
116.5	81.9503602690660151
117	81.9503602690660151
117.5	81.9503602690660151
118	81.9503602690660151
118.5	81.9503602690660151
119	81.8881604251876454
119.5	81.8881604251876454
120	81.8881604251876454
120.5	81.8881604251876454
121	81.8881604251876454
121.5	81.8881604251876454
122	81.8881604251876454
122.5	81.8881604251876454
123	81.8881604251876454
123.5	81.8881604251876454
124	81.8881604251876454
124.5	81.8259913598453374
125	81.8259913598453374
125.5	81.8259913598453374
126	81.8259913598453374
126.5	81.8259913598453374
127	81.8259913598453374
127.5	81.8259913598453374
128	81.8259913598453374
128.5	81.8259913598453374
129	81.763853335024343
129.5	81.763853335024343
130	81.763853335024343
130.5	81.763853335024343
131	81.763853335024343
131.5	81.763853335024343
132	81.763853335024343
132.5	81.763853335024343
133	81.763853335024343
133.5	81.763853335024343
134	81.763853335024343
134.5	81.763853335024343
135	81.7017466127099142
135.5	81.763853335024343
136	81.763853335024343
136.5	81.7017466127099142
137	81.7017466127099142
137.5	81.7017466127099142
138	81.7017466127099142
138.5	81.7017466127099142
139	81.7017466127099142
139.5	81.7017466127099142
140	81.7017466127099142
140.5	81.7017466127099142
141	81.7017466127099142
141.5	81.7017466127099142
142	81.639671454887303
142.5	81.639671454887303
143	81.639671454887303
143.5	81.639671454887303
144	81.639671454887303
144.5	81.639671454887303
145	81.639671454887303
145.5	81.639671454887303
146	81.639671454887303
146.5	81.639671454887303
147	81.639671454887303
147.5	81.639671454887303
148	81.5776281235417614
148.5	81.5776281235417614
149	81.639671454887303
149.5	81.5776281235417614
150	81.5776281235417614
150.5	81.5776281235417614
151	81.5776281235417614
151.5	81.5776281235417614
152	81.5776281235417614
152.5	81.5776281235417614
153	81.5156168806585414
153.5	81.5776281235417614
154	81.5776281235417614
154.5	81.5776281235417614
155	81.5156168806585414
155.5	81.5156168806585414
156	81.5156168806585414
156.5	81.5156168806585414
157	81.5156168806585414
157.5	81.5156168806585414
158	81.5156168806585414
158.5	81.5156168806585414
159	81.5156168806585414
159.5	81.4536379882228949
160	81.5156168806585414
160.5	81.5156168806585414
161	81.4536379882228949
161.5	81.4536379882228949
162	81.4536379882228949
162.5	81.4536379882228949
163	81.4536379882228949
163.5	81.4536379882228949
164	81.4536379882228949
164.5	81.4536379882228949
165	81.4536379882228949
165.5	81.3916917082200741
166	81.4536379882228949
166.5	81.3916917082200741
167	81.3916917082200741
167.5	81.3916917082200741
168	81.3916917082200741
168.5	81.3916917082200741
169	81.3916917082200741
169.5	81.3916917082200741
170	81.3916917082200741
170.5	81.3916917082200741
171	81.3916917082200741
171.5	81.3297783026353308
172	81.3297783026353308
172.5	81.3297783026353308
173	81.3297783026353308
173.5	81.3297783026353308
174	81.3297783026353308
174.5	81.3297783026353308
175	81.3297783026353308
175.5	81.3297783026353308
176	81.3297783026353308
176.5	81.3297783026353308
177	81.3297783026353308
177.5	81.3297783026353308
178	81.267898033453917
178.5	81.3297783026353308
179	81.3297783026353308
179.5	81.267898033453917
180	81.267898033453917
180.5	81.267898033453917
181	81.267898033453917
181.5	81.267898033453917
182	81.267898033453917
182.5	81.267898033453917
183	81.267898033453917
183.5	81.267898033453917
184	81.267898033453917
184.5	81.267898033453917
185	81.267898033453917
185.5	81.267898033453917
186	81.267898033453917
186.5	81.267898033453917
187	81.267898033453917
187.5	81.267898033453917
188	81.2060511626610848
188.5	81.2060511626610848
189	81.2060511626610848
189.5	81.2060511626610848
190	81.2060511626610848
190.5	81.2060511626610848
191	81.2060511626610848
191.5	81.2060511626610848
192	81.2060511626610848
192.5	81.2060511626610848
193	81.2060511626610848
193.5	81.1442379522420862
194	81.1442379522420862
194.5	81.1442379522420862
195	81.1442379522420862
195.5	81.1442379522420862
196	81.1442379522420862
196.5	81.1442379522420862
197	81.1442379522420862
197.5	81.1442379522420862
198	81.1442379522420862
198.5	81.1442379522420862
199	81.1442379522420862
199.5	81.0824586641821731
200	81.0824586641821731
200.5	81.0824586641821731
201	81.0824586641821731
201.5	81.0824586641821731
202	81.0824586641821731
202.5	81.0824586641821731
203	81.0824586641821731
203.5	81.0824586641821731
204	81.0824586641821731
204.5	81.0824586641821731
205	81.0207135604665975
205.5	81.0207135604665975
206	81.0207135604665975
206.5	81.0207135604665975
207	81.0207135604665975
207.5	81.0207135604665975
208	81.0207135604665975
208.5	81.0207135604665975
209	81.0207135604665975
209.5	81.0207135604665975
210	81.0207135604665975
210.5	81.0207135604665975
211	81.0207135604665975
211.5	80.9590029030806114
212	80.9590029030806114
212.5	80.9590029030806114
213	80.9590029030806114
213.5	80.9590029030806114
214	80.9590029030806114
214.5	80.9590029030806114
215	80.9590029030806114
215.5	80.9590029030806114
216	80.9590029030806114
216.5	80.9590029030806114
217	80.9590029030806114
217.5	80.9590029030806114
218	80.8973269540094669
218.5	80.8973269540094669
219	80.8973269540094669
219.5	80.8973269540094669
220	80.8973269540094669
220.5	80.8973269540094669
221	80.8973269540094669
221.5	80.8973269540094669
222	80.8973269540094669
222.5	80.8973269540094669
223	80.8973269540094669
223.5	80.8973269540094669
224	80.8973269540094669
224.5	80.8973269540094669
225	80.8973269540094669
225.5	80.8356859752384159
226	80.8973269540094669
226.5	80.8356859752384159
227	80.8356859752384159
227.5	80.8356859752384159
228	80.8356859752384159
228.5	80.8356859752384159
229	80.8356859752384159
229.5	80.8356859752384159
230	80.8356859752384159
230.5	80.8356859752384159
231	80.8356859752384159
231.5	80.8356859752384159
232	80.8356859752384159
232.5	80.7740802287527104
233	80.7740802287527104
233.5	80.7740802287527104
234	80.7740802287527104
234.5	80.7740802287527104
235	80.7740802287527104
235.5	80.7740802287527104
236	80.7740802287527104
236.5	80.7740802287527104
237	80.7740802287527104
237.5	80.7740802287527104
238	80.7740802287527104
238.5	80.7740802287527104
239	80.7740802287527104
239.5	80.7125099765376023
240	80.7740802287527104
240.5	80.7125099765376023
241	80.7125099765376023
241.5	80.7125099765376023
242	80.7125099765376023
242.5	80.7125099765376023
243	80.7125099765376023
243.5	80.7125099765376023
244	80.7125099765376023
244.5	80.7125099765376023
245	80.7125099765376023
245.5	80.7125099765376023
246	80.7125099765376023
246.5	80.6509754805783438
247	80.7125099765376023
247.5	80.6509754805783438
248	80.6509754805783438
248.5	80.6509754805783438
249	80.6509754805783438
249.5	80.6509754805783438
250	80.6509754805783438
250.5	80.6509754805783438
251	80.6509754805783438
251.5	80.6509754805783438
252	80.6509754805783438
252.5	80.6509754805783438
253	80.6509754805783438
253.5	80.6509754805783438
254	80.6509754805783438
254.5	80.6509754805783438
255	80.6509754805783438
255.5	80.5894770028601868
256	80.5894770028601868
256.5	80.5894770028601868
257	80.5894770028601868
257.5	80.5894770028601868
258	80.5894770028601868
258.5	80.5894770028601868
259	80.5894770028601868
259.5	80.5894770028601868
260	80.5894770028601868
260.5	80.5894770028601868
261	80.5894770028601868
261.5	80.5894770028601868
262	80.5894770028601868
262.5	80.5280148053683832
263	80.5894770028601868
263.5	80.5280148053683832
264	80.5280148053683832
264.5	80.5894770028601868
265	80.5280148053683832
265.5	80.5280148053683832
266	80.5280148053683832
266.5	80.5280148053683832
267	80.5280148053683832
267.5	80.5280148053683832
268	80.5280148053683832
268.5	80.5280148053683832
269	80.5280148053683832
269.5	80.5280148053683832
270	80.5280148053683832
270.5	80.4665891500881851
271	80.4665891500881851
271.5	80.4665891500881851
272	80.4665891500881851
272.5	80.4665891500881851
273	80.4665891500881851
273.5	80.4665891500881851
274	80.4665891500881851
274.5	80.4665891500881851
275	80.4665891500881851
275.5	80.4665891500881851
276	80.4665891500881851
276.5	80.4665891500881851
277	80.4052002990048444
277.5	80.4052002990048444
278	80.4052002990048444
278.5	80.3438485141036133
279	80.2825340573697435
279.5	80.1064634284346098
280	79.9841673650302458
280.5	79.8010154299271557
281	79.6182203744742603
281.5	79.4357892722733636
282	79.0115718086589295
282.5	78.057467276174862
283	76.931279933264843
283.5	76.1134140538360426
284	75.7157457321468689
284.5	75.2564433729937771
285	74.9713131056394048
285.5	74.6311749961883856
286	74.3494468389613516
286.5	73.902020936980059
287	73.5208875255078272
287.5	73.2457082684296142
288	72.9722579958982304
288.5	72.7005694560701752
289	72.3769148048492532
289.5	72.0559007948809134
290	71.7970587395790523
290.5	71.4809751411359514
291	71.1676913402737738
291.5	70.805807701071683
292	70.6007971875608781
292.5	70.3970942011749723
293	70.1946858964248135
293.5	69.9497283682999959
294	69.7004301572187543
294.5	69.4038223959273274
295	69.0612260642762154
295.5	68.6741239892363906
296	68.3391930006343636
296.5	67.919482032979152
297	67.5457391125921442
297.5	67.1303076836072931
298	66.8107667522017667
298.5	66.4548920369300629
299	66.0527108791759989
299.5	65.6112883091394257
300	65.2187043623316064
300.5	64.8786927610117644
301	64.6217477870406599
301.5	64.3665669535385076
302	64.1130948921686212
302.5	63.945035493384802
303	63.7359716654101843
303.5	63.5695056796396851
304	63.3675458600122692
304.5	63.0792600706720417
305	62.792916315375425
305.5	62.5895194926602418
306	62.427461724474024
306.5	62.2659711594748437
307	61.9446260173052264
307.5	61.7099638638880085
308	61.4317564618300338
308.5	61.2339109141582742
309	61.0367640277632008
309.5	60.8795260471850695
310	60.6835704405184318
310.5	60.4541667538043126
311	60.3373694978143553
311.5	60.2984917798976824
312	60.1432335275067162
312.5	59.9497425269955314
313	59.8339611122465886
313.5	59.7184077761469174
314	59.64150195873727
314.5	59.5646987080233396
315	59.4496875988505014
315.5	59.3731399318164559
316	59.2966941670268811
316.5	59.2203501146372399
317	59.1060224730557326
317.5	59.0346871258770507
318	58.8827962660948075
318.5	58.7691406420928828
319	58.6557146027251054
319.5	58.580221189238033
320	58.504827696494813
320.5	58.4295339346509081
321	58.3543397138617813
321.5	58.2792448442828955
322	58.2042491360697135
322.5	58.1293523993776984
323	58.0545544443623128
323.5	58.0545544443623128
324	58.0171906273873735
324.5	57.9425404913302312
325	57.9425404913302312
325.5	57.9052541199832823
326	57.8679886623337421
326.5	57.793534950553369
327	57.793534950553369
327.5	57.7563466441763251
328	57.7191791661445748
328.5	57.6495582552210708
329	57.6495582552210708
329.5	57.6495582552210708
330	57.6866799352723399
330.5	57.6866799352723399
331	57.6866799352723399
331.5	57.7191791661445748
332	57.7563466441763251
332.5	57.793534950553369
333	57.793534950553369
333.5	57.793534950553369
334	57.793534950553369
334.5	57.793534950553369
335	57.8307513709305631
335.5	57.8307513709305631
336	57.8307513709305631
336.5	57.8307513709305631
337	57.8307513709305631
337.5	57.8307513709305631
338	57.8307513709305631
338.5	57.793534950553369
339	57.793534950553369
339.5	57.793534950553369
340	57.7563466441763251
340.5	57.7563466441763251
341	57.7563466441763251
341.5	57.7563466441763251
342	57.7563466441763251
342.5	57.7563466441763251
343	57.7563466441763251
343.5	57.7563466441763251
344	57.7563466441763251
344.5	57.7563466441763251
345	57.7563466441763251
345.5	57.7563466441763251
346	57.7563466441763251
346.5	57.7563466441763251
347	57.7563466441763251
347.5	57.7563466441763251
348	57.7563466441763251
348.5	57.7191791661445748
349	57.7563466441763251
349.5	57.7191791661445748
350	57.7191791661445748
350.5	57.7191791661445748
351	57.7191791661445748
351.5	57.7191791661445748
352	57.7191791661445748
352.5	57.6866799352723399
353	57.6866799352723399
353.5	57.7191791661445748
354	57.6866799352723399
354.5	57.6866799352723399
355	57.6866799352723399
355.5	57.6866799352723399
356	57.6866799352723399
356.5	57.6866799352723399
357	57.6866799352723399
357.5	57.7191791661445748
358	57.6866799352723399
358.5	57.6866799352723399
359	57.6866799352723399
359.5	57.7191791661445748
360	57.7191791661445748
360.5	57.6866799352723399
361	57.7191791661445748
361.5	57.6866799352723399
362	57.7191791661445748
362.5	57.6866799352723399
363	57.7191791661445748
363.5	57.6866799352723399
364	57.6866799352723399
364.5	57.7191791661445748
365	57.7191791661445748
365.5	57.6866799352723399
366	57.6866799352723399
366.5	57.7191791661445748
367	57.6866799352723399
367.5	57.7191791661445748
368	57.6866799352723399
368.5	57.7191791661445748
369	57.6866799352723399
369.5	57.6866799352723399
370	57.6866799352723399
370.5	57.6866799352723399
371	57.7191791661445748
371.5	57.6866799352723399
372	57.7191791661445748
372.5	57.6866799352723399
373	57.6866799352723399
373.5	57.6866799352723399
374	57.7191791661445748
374.5	57.6866799352723399
375	57.7191791661445748
375.5	57.7191791661445748
376	57.7191791661445748
376.5	57.7191791661445748
377	57.7191791661445748
377.5	57.7191791661445748
378	57.7191791661445748
378.5	57.7191791661445748
379	57.7191791661445748
379.5	57.7191791661445748
380	57.7191791661445748
380.5	57.7191791661445748
381	57.7191791661445748
381.5	57.7191791661445748
382	57.7191791661445748
382.5	57.7191791661445748
383	57.7191791661445748
383.5	57.7191791661445748
384	57.7191791661445748
384.5	57.7191791661445748
385	57.7191791661445748
385.5	57.7191791661445748
386	57.7191791661445748
386.5	57.7191791661445748
387	57.7191791661445748
387.5	57.7191791661445748
388	57.7191791661445748
388.5	57.7191791661445748
389	57.7191791661445748
389.5	57.7563466441763251
390	57.7191791661445748
390.5	57.7191791661445748
391	57.7563466441763251
391.5	57.7191791661445748
392	57.7563466441763251
392.5	57.7563466441763251
393	57.7191791661445748
393.5	57.7191791661445748
394	57.7191791661445748
394.5	57.7191791661445748
395	57.7191791661445748
395.5	57.7191791661445748
396	57.7191791661445748
396.5	57.7191791661445748
397	57.7191791661445748
397.5	57.7191791661445748
398	57.7191791661445748
398.5	57.7191791661445748
399	57.7191791661445748
399.5	57.7191791661445748
400	57.7191791661445748
400.5	57.7191791661445748
401	57.7191791661445748
401.5	57.7191791661445748
402	57.7191791661445748
402.5	57.7191791661445748
403	57.7191791661445748
403.5	57.7191791661445748
404	57.7191791661445748
404.5	57.7191791661445748
405	57.7191791661445748
405.5	57.7191791661445748
406	57.7191791661445748
406.5	57.7191791661445748
407	57.7191791661445748
407.5	57.7191791661445748
408	57.7191791661445748
408.5	57.7191791661445748
409	57.7191791661445748
409.5	57.7191791661445748
410	57.7191791661445748
410.5	57.7191791661445748
411	57.7191791661445748
411.5	57.7191791661445748
412	57.7191791661445748
412.5	57.7191791661445748
413	57.7191791661445748
413.5	57.7191791661445748
414	57.7191791661445748
414.5	57.7191791661445748
415	57.7191791661445748
415.5	57.7191791661445748
416	57.7191791661445748
416.5	57.7191791661445748
417	57.7191791661445748
417.5	57.7191791661445748
418	57.7191791661445748
418.5	57.7191791661445748
419	57.7191791661445748
419.5	57.7191791661445748
420	57.7191791661445748
420.5	57.7191791661445748
421	57.7191791661445748
421.5	57.7191791661445748
422	57.7191791661445748
422.5	57.7191791661445748
423	57.7191791661445748
423.5	57.7191791661445748
424	57.7191791661445748
424.5	57.7191791661445748
425	57.7191791661445748
425.5	57.7191791661445748
426	57.7191791661445748
426.5	57.7191791661445748
427	57.7191791661445748
427.5	57.7191791661445748
428	57.7191791661445748
428.5	57.7191791661445748
429	57.7191791661445748
429.5	57.7191791661445748
430	57.7191791661445748
430.5	57.7191791661445748
431	57.7191791661445748
431.5	57.7191791661445748
432	57.7191791661445748
432.5	57.7191791661445748
433	57.7191791661445748
433.5	57.7191791661445748
434	57.7191791661445748
434.5	57.7191791661445748
435	57.7191791661445748
435.5	57.7191791661445748
436	57.7191791661445748
436.5	57.7191791661445748
437	57.7191791661445748
437.5	57.7191791661445748
438	57.7191791661445748
438.5	57.7191791661445748
439	57.7191791661445748
439.5	57.7191791661445748
440	57.7191791661445748
440.5	57.6866799352723399
441	57.7191791661445748
441.5	57.7191791661445748
442	57.7191791661445748
442.5	57.7191791661445748
443	57.7191791661445748
443.5	57.7191791661445748
444	57.7191791661445748
444.5	57.7191791661445748
445	57.7191791661445748
445.5	57.7191791661445748
446	57.7191791661445748
446.5	57.7191791661445748
447	57.7191791661445748
447.5	57.7191791661445748
448	57.7191791661445748
448.5	57.7191791661445748
449	57.7191791661445748
449.5	57.7191791661445748
450	57.7191791661445748
450.5	57.7191791661445748
451	57.7191791661445748
451.5	57.7191791661445748
452	57.7191791661445748
452.5	57.7191791661445748
453	57.7191791661445748
453.5	57.6866799352723399
454	57.7191791661445748
454.5	57.6866799352723399
455	57.7191791661445748
455.5	57.7191791661445748
456	57.7191791661445748
456.5	57.7191791661445748
457	57.6866799352723399
457.5	57.7191791661445748
458	57.6866799352723399
458.5	57.7191791661445748
459	57.7191791661445748
459.5	57.6866799352723399
460	57.6866799352723399
460.5	57.6866799352723399
461	57.6866799352723399
461.5	57.6866799352723399
462	57.7191791661445748
462.5	57.6866799352723399
463	57.7191791661445748
463.5	57.6866799352723399
464	57.7191791661445748
464.5	57.6866799352723399
465	57.6866799352723399
465.5	57.6866799352723399
466	57.7191791661445748
466.5	57.6866799352723399
467	57.6866799352723399
467.5	57.6866799352723399
468	57.7191791661445748
468.5	57.7191791661445748
469	57.6866799352723399
469.5	57.7191791661445748
470	57.6866799352723399
470.5	57.7191791661445748
471	57.6866799352723399
471.5	57.7191791661445748
472	57.6866799352723399
472.5	57.6866799352723399
473	57.6866799352723399
473.5	57.6866799352723399
474	57.6866799352723399
474.5	57.6866799352723399
475	57.6866799352723399
475.5	57.6866799352723399
476	57.6866799352723399
476.5	57.6866799352723399
477	57.6866799352723399
477.5	57.6866799352723399
478	57.6866799352723399
478.5	57.6866799352723399
479	57.6866799352723399
479.5	57.6866799352723399
480	57.6866799352723399
480.5	57.6866799352723399
481	57.6866799352723399
481.5	57.6866799352723399
482	57.6866799352723399
482.5	57.6866799352723399
483	57.6866799352723399
483.5	57.6866799352723399
484	57.6866799352723399
484.5	57.6866799352723399
485	57.6866799352723399
485.5	57.6866799352723399
486	57.6866799352723399
486.5	57.6866799352723399
487	57.6866799352723399
487.5	57.6866799352723399
488	57.6495582552210708
488.5	57.6866799352723399
489	57.6866799352723399
489.5	57.6866799352723399
490	57.6866799352723399
490.5	57.6495582552210708
491	57.6866799352723399
491.5	57.6495582552210708
492	57.6495582552210708
492.5	57.6866799352723399
493	57.6495582552210708
493.5	57.6866799352723399
494	57.6495582552210708
494.5	57.6866799352723399
495	57.6495582552210708
495.5	57.6866799352723399
496	57.6866799352723399
496.5	57.6495582552210708
497	57.6866799352723399
497.5	57.6495582552210708
498	57.6866799352723399
498.5	57.6495582552210708
499	57.6495582552210708
499.5	57.6866799352723399
500	57.6495582552210708
500.5	57.6495582552210708
501	57.6495582552210708
501.5	57.6495582552210708
502	57.6495582552210708
502.5	57.6495582552210708
503	57.6495582552210708
503.5	57.6495582552210708
504	57.6495582552210708
504.5	57.6495582552210708
505	57.6495582552210708
505.5	57.6495582552210708
506	57.6495582552210708
506.5	57.6495582552210708
507	57.6866799352723399
507.5	57.6495582552210708
508	57.6866799352723399
508.5	57.6495582552210708
509	57.6495582552210708
509.5	57.6495582552210708
510	57.6495582552210708
510.5	57.6495582552210708
511	57.6495582552210708
511.5	57.6495582552210708
512	57.6495582552210708
512.5	57.6495582552210708
513	57.6495582552210708
513.5	57.6495582552210708
514	57.6495582552210708
514.5	57.6495582552210708
515	57.6495582552210708
515.5	57.6495582552210708
516	57.6495582552210708
516.5	57.6495582552210708
517	57.6495582552210708
517.5	57.6495582552210708
518	57.6495582552210708
518.5	57.612464587968494
519	57.612464587968494
519.5	57.612464587968494
520	57.6495582552210708
520.5	57.6495582552210708
521	57.612464587968494
521.5	57.6495582552210708
522	57.612464587968494
522.5	57.612464587968494
523	57.612464587968494
523.5	57.612464587968494
524	57.612464587968494
524.5	57.612464587968494
525	57.612464587968494
525.5	57.612464587968494
526	57.612464587968494
526.5	57.612464587968494
527	57.612464587968494
527.5	57.6495582552210708
528	57.612464587968494
528.5	57.6495582552210708
529	57.612464587968494
529.5	57.612464587968494
530	57.612464587968494
530.5	57.612464587968494
531	57.6495582552210708
531.5	57.612464587968494
532	57.612464587968494
532.5	57.612464587968494
533	57.612464587968494
533.5	57.612464587968494
534	57.612464587968494
534.5	57.612464587968494
535	57.612464587968494
535.5	57.612464587968494
536	57.612464587968494
536.5	57.612464587968494
537	57.612464587968494
537.5	57.612464587968494
538	57.612464587968494
538.5	57.612464587968494
539	57.612464587968494
539.5	57.612464587968494
540	57.612464587968494
540.5	57.612464587968494
541	57.612464587968494
541.5	57.612464587968494
542	57.612464587968494
542.5	57.612464587968494
543	57.612464587968494
543.5	57.612464587968494
544	57.612464587968494
544.5	57.612464587968494
545	57.612464587968494
545.5	57.612464587968494
546	57.612464587968494
546.5	57.612464587968494
547	57.612464587968494
547.5	57.612464587968494
548	57.612464587968494
548.5	57.612464587968494
549	57.612464587968494
549.5	57.612464587968494
550	57.612464587968494
550.5	57.612464587968494
551	57.612464587968494
551.5	57.612464587968494
552	57.612464587968494
552.5	57.612464587968494
553	57.612464587968494
553.5	57.5753916663403474
554	57.612464587968494
554.5	57.612464587968494
555	57.612464587968494
555.5	57.612464587968494
556	57.612464587968494
556.5	57.612464587968494
557	57.612464587968494
557.5	57.612464587968494
558	57.612464587968494
558.5	57.612464587968494
559	57.612464587968494
559.5	57.5753916663403474
560	57.612464587968494
560.5	57.5753916663403474
561	57.612464587968494
561.5	57.5753916663403474
562	57.5753916663403474
562.5	57.612464587968494
563	57.5753916663403474
563.5	57.5753916663403474
564	57.612464587968494
564.5	57.5753916663403474
565	57.612464587968494
565.5	57.5753916663403474
566	57.5753916663403474
566.5	57.5753916663403474
567	57.612464587968494
567.5	57.5753916663403474
568	57.5753916663403474
568.5	57.5753916663403474
569	57.612464587968494
569.5	57.5753916663403474
570	57.5753916663403474
570.5	57.5753916663403474
571	57.5753916663403474
571.5	57.5753916663403474
572	57.5753916663403474
572.5	57.5753916663403474
573	57.5753916663403474
573.5	57.5753916663403474
574	57.5753916663403474
574.5	57.5753916663403474
575	57.5753916663403474
575.5	57.5753916663403474
576	57.5753916663403474
576.5	57.5753916663403474
577	57.5753916663403474
577.5	57.5753916663403474
578	57.5753916663403474
578.5	57.5753916663403474
579	57.5753916663403474
579.5	57.5753916663403474
580	57.5753916663403474
580.5	57.5753916663403474
581	57.5753916663403474
581.5	57.5753916663403474
582	57.5753916663403474
582.5	57.5753916663403474
583	57.5753916663403474
583.5	57.5753916663403474
584	57.5753916663403474
584.5	57.5753916663403474
585	57.5753916663403474
585.5	57.5753916663403474
586	57.5753916663403474
586.5	57.5753916663403474
587	57.5753916663403474
587.5	57.5753916663403474
588	57.5753916663403474
588.5	57.5753916663403474
589	57.5753916663403474
589.5	57.5753916663403474
590	57.5383467052919056
590.5	57.5753916663403474
591	57.5383467052919056
591.5	57.5383467052919056
592	57.5753916663403474
592.5	57.5753916663403474
593	57.5383467052919056
593.5	57.5753916663403474
594	57.5383467052919056
594.5	57.5383467052919056
595	57.5383467052919056
595.5	57.5383467052919056
596	57.5383467052919056
596.5	57.5383467052919056
597	57.5383467052919056
597.5	57.5383467052919056
598	57.5383467052919056
598.5	57.5383467052919056
599	57.5383467052919056
599.5	57.5383467052919056
600	57.5383467052919056
